1 212.1023 610.1647 8762.1548
2 141.7094 684.8001 7490.9162
3 131.6225 696.3476 7193.1104
4 120.1866 701.5717 7050.9931
5 115.9747 694.4555 6895.3165
6 113.0533 686.8547 6738.5824
7 112.3816 682.4507 6708.5605
8 112.0726 678.0831 6601.5026
9 114.7226 683.8888 6570.8922
10 121.7289 693.4907 6494.2608
11 121.4792 700.5403 6460.6153
12 123.4179 706.1881 6408.2098
13 121.0634 705.2562 6367.6850
14 118.4380 703.7039 6321.1555
15 117.7689 701.9785 6287.5294
16 114.9721 698.3847 6230.7211
17 113.1584 694.6921 6212.1641
18 113.8368 688.6153 6210.7352
19 113.1390 687.4970 6168.7535
20 115.8885 685.9578 6164.8650
21 113.2733 684.1007 6140.6198
22 115.7062 685.6448 6092.4602
23 114.6708 683.5188 6091.2978
24 114.9468 683.8586 6090.0166
25 116.1945 685.3782 6072.5913
26 114.3698 686.2339 6038.8896
27 116.2328 682.5148 6025.2393
28 116.2906 685.9662 5987.0338
29 115.3172 683.0935 6008.5567
30 113.6322 682.2823 5984.7715
